1 0.696094 0.518750 0.067187 0.104167
1 0.165625 0.377083 0.056250 0.100000
0 0.154688 0.567708 0.140625 0.472917
0 0.293750 0.496875 0.118750 0.372917
0 0.428906 0.547917 0.135937 0.425000
0 0.679688 0.734375 0.212500 0.531250
0 0.883594 0.707292 0.170313 0.506250
1 0.536719 0.257292 0.026562 0.043750
0 0.531250 0.340625 0.065625 0.214583
1 0.852344 0.318750 0.035937 0.045833
0 0.846875 0.406250 0.056250 0.233333
2 0.304688 0.342708 0.034375 0.060417
2 0.442188 0.377083 0.043750 0.079167
2 0.895312 0.495833 0.043750 0.070833
0 0.386719 0.315625 0.060937 0.185417
2 0.393750 0.242708 0.025000 0.035417
